6.564854577 3.916528950
7.972446800 6.793822269
1.461666241 0.577949355
1.257872534 0.100614696
5.617145671 0.789921974
8.219416913 1.800763774
4.149284469 0.847424306
0.788873660 0.123142410
0.058567248 0.005371878
1.952025143 0.297657358
8.443507440 2.546394655
11.171621302 6.715849442
6.099612499 3.833934294
1.455232368 0.450569521
0.121645139 0.015821974
7.112474471 1.620653632
11.871766170 7.989154412
5.891509981 2.062149363
10.337058733 0.510234136
42.722108822 5.740396828
55.886535543 20.705590887
34.909981245 18.575748997
10.983623805 2.558015068
1.704250297 0.129670699
2.042919265 0.030865726
8.758149450 0.315748727
13.179045654 0.985654328
7.769887705 1.078248568
2.211893703 0.436885668
0.438592950 0.037237655
7.106197128 1.804927010
11.927778846 8.068824571
5.731167471 2.136280601
10.312183040 0.596896610
42.100077457 6.445679445
56.019122018 22.643181666
34.507067163 18.420805662
10.549169861 2.779072185
1.693422172 0.135952009
1.913840039 0.030906602
8.388164501 0.303003889
12.712985376 0.922491932
7.768517296 1.142528339
2.263652457 0.467413675
0.445250078 0.041019642
4.354626532 2.068190876
6.437923984 5.240932972
1.914204858 0.866804379
1.952488800 0.199449348
8.535788961 1.925033864
11.807298143 5.656038347
6.718314758 4.614627469
1.836393678 0.657922195
0.239913770 0.029889553
0.220424468 0.007357681
1.047906776 0.071148607
1.700203449 0.213119065
1.058013698 0.162553792
0.331291170 0.040737853
0.062063969 0.002640587
-114.335009000 -114.391798000
