6.916847479 3.110053653
8.056699888 6.333972376
1.939816745 0.508745681
2.145563749 0.005011368
8.240622856 0.061507705
11.046973368 0.257673677
5.345894649 0.444738403
1.380939752 0.123142410
0.206653276 0.004300062
2.695968336 0.069589231
9.735871804 0.779051762
11.269682824 2.703569759
6.118870122 2.498240182
1.761221759 0.319394371
0.267189484 0.009683162
8.105843631 0.168599949
11.879045066 3.379081846
7.941670706 1.499367693
15.381480920 0.003646384
50.263184931 0.135267875
58.698261156 1.547845709
36.235040962 5.508678295
13.617850433 2.230785946
3.597032552 0.110619415
4.079491171 0.000142775
14.712450034 0.005280584
17.766888105 0.062673700
9.555682692 0.230864106
3.140988234 0.292845878
0.766842341 0.032932401
7.972990238 0.152610191
11.948372840 3.136457433
7.671364833 1.574103076
13.775012293 0.002297647
47.653621337 0.094901854
57.762808063 1.190819618
36.335876981 4.119916756
12.630080029 2.366580494
3.548808649 0.106843327
3.896660951 0.000081352
14.350810565 0.003453867
18.177740911 0.045811909
9.393970480 0.151697214
2.788860350 0.181948440
0.840252514 0.028461450
4.566495216 1.516577335
6.462010793 4.587661467
2.303645766 0.782007293
2.787869573 0.054634272
10.447835931 0.611929821
12.715364671 2.126829145
7.063903207 2.284343969
2.221737574 0.524089911
0.403035871 0.021324044
0.418467945 0.001249735
1.663552936 0.015503579
2.529326403 0.066740839
1.637733489 0.127409967
0.674842378 0.038701028
0.146161585 0.002369276
-114.292873000 -114.391798000
